Eyetracker Status	4	79.32	2.783447	2.733353	1448847942148252
Eyetracker Status	5	99.15	2.784073	2.737595	1448847942181533
Eyetracker Status	6	118.98	2.793777	2.737549	1448847942214879
选项卡行	4	79.32	2.728043	2.703629	1448847942748137
选项卡行	5	99.15	2.729416	2.716782	1448847942781492
选项卡行	6	118.98	2.719498	2.698914	1448847942814861
选项卡行	7	138.81	2.727829	2.702332	1448847942848112
选项卡行	8	158.64	2.736542	2.725113	1448847942881490
选项卡行	9	178.47	2.751755	2.751953	1448847942914750
选项卡行	10	198.3	2.76384	2.754013	1448847942948120
最大化	11	218.13	2.771729	2.775177	1448847942981490
最大化	12	237.96	2.78508	2.778717	1448847943014747
最大化	13	257.79	2.811142	2.791687	1448847943048114
最大化	14	277.62	2.824707	2.807663	1448847943081487
最大化	15	297.45	2.874329	2.845291	1448847943114750
March	4	79.32	2.909821	2.86554	1448847943481367
March	5	99.15	2.920029	2.876251	1448847943514723
	6	118.98	2.912704	2.889877	1448847943548020
	7	138.81	2.909866	2.89592	1448847943581367
	8	158.64	2.914474	2.859283	1448847943614733
	9	178.47	2.909424	2.86145	1448847943648008
	10	198.3	2.886536	2.843658	1448847943681364
(/ˈaɪnstaɪn/;[3]	4	79.32	2.68161	2.700302	1448847943914626
(/ˈaɪnstaɪn/;[3]	5	99.15	2.658875	2.687729	1448847943947982
范围	4	79.32	2.62352	2.627914	1448847944274626
范围	5	99.15	2.63797	2.622253	1448847944307919
范围	6	118.98	2.645782	2.648361	1448847944341254
范围	7	138.81	2.648056	2.639069	1448847944374622
血糖高   了   怎么办    	4	79.32	2.534592	2.560455	1448847944574616
血糖高   了   怎么办    	5	99.15	2.525116	2.52388	1448847944607878
	4	79.32	2.474167	2.463913	1448847944774527
	4	79.32	2.448914	2.468475	1448847944941133
	5	99.15	2.43898	2.444092	1448847944974498
	6	118.98	2.437668	2.451172	1448847945007867
	7	138.81	2.452377	2.466629	1448847945041129
血糖高   了   怎么办    	4	79.32	2.509811	2.522141	1448847945241122
血糖高   了   怎么办    	5	99.15	2.516891	2.5112	1448847945274492
血糖高   了   怎么办    	6	118.98	2.521484	2.521942	1448847945307746
血糖高   了   怎么办    	7	138.81	2.52623	2.516418	1448847945341121
血糖高   了   怎么办    	8	158.64	2.529633	2.523239	1448847945374476
血糖高   了   怎么办    	9	178.47	2.529373	2.535675	1448847945407760
	4	79.32	2.568466	2.527206	1448847945607743
	5	99.15	2.554596	2.527222	1448847945641113
	6	118.98	2.555099	2.527359	1448847945674381
	7	138.81	2.574356	2.550003	1448847945707742
	4	79.32	2.577957	2.583038	1448847945874365
	5	99.15	2.619766	2.59935	1448847945907735
是	6	118.98	2.621216	2.598007	1448847945941005
是	7	138.81	2.618118	2.617523	1448847945974365
三高	4	79.32	2.655228	2.62326	1448847946174357
三高	5	99.15	2.660156	2.636993	1448847946207638
另外	4	79.32	2.649582	2.634232	1448847946407615
另外	5	99.15	2.637192	2.641418	1448847946440982
另外	6	118.98	2.635834	2.636276	1448847946474234
另外	7	138.81	2.635147	2.622452	1448847946507608
另外	8	158.64	2.632614	2.637848	1448847946540979
另外	9	178.47	2.612106	2.632599	1448847946574256
另外	10	198.3	2.615616	2.630295	1448847946607605
分别	4	79.32	2.596512	2.601471	1448847946774228
分别	5	99.15	2.595169	2.609299	1448847946807601
分别	6	118.98	2.602203	2.618027	1448847946840883
分别	7	138.81	2.603073	2.603546	1448847946874229
分别	8	158.64	2.613602	2.616089	1448847946907597
分别	9	178.47	2.607986	2.623703	1448847946940875
分别	10	198.3	2.621704	2.623581	1448847946974223
分别	11	218.13	2.641464	2.643494	1448847947007581
分别	12	237.96	2.63327	2.636078	1448847947040852
分别	13	257.79	2.624603	2.648972	1448847947074218
	4	79.32	2.591812	2.589859	1448847947274219
	5	99.15	2.602631	2.606491	1448847947307483
	6	118.98	2.585327	2.583939	1448847947340847
	7	138.81	2.603241	2.587387	1448847947374216
	8	158.64	2.598724	2.588043	1448847947407473
	4	79.32	2.633575	2.63562	1448847947574105
高脂血症	5	99.15	2.639954	2.639603	1448847947607471
高脂血症	6	118.98	2.645523	2.646164	1448847947640839
高脂血症	7	138.81	2.617905	2.667618	1448847947674096
高脂血症	8	158.64	2.62738	2.664795	1448847947707465
高脂血症	9	178.47	2.64328	2.630447	1448847947740840
	10	198.3	2.662308	2.662323	1448847947774094
	11	218.13	2.678406	2.669601	1448847947807455
	12	237.96	2.660187	2.670639	1448847947840747
	13	257.79	2.668121	2.679016	1448847947874093
血糖	4	79.32	2.748718	2.70163	1448847948380684
血糖	5	99.15	2.742874	2.711823	1448847948414052
血糖	6	118.98	2.718552	2.681702	1448847948447325
血糖	7	138.81	2.708099	2.677261	1448847948480683
血糖	8	158.64	2.706055	2.673141	1448847948514053
血糖	9	178.47	2.7099	2.66214	1448847948547303
血糖	10	198.3	2.688171	2.645798	1448847948580679
正常值	4	79.32	2.670425	2.629211	1448847948747305
正常值	5	99.15	2.675064	2.623718	1448847948780673
正常值	6	118.98	2.67131	2.626785	1448847948813952
高脂血症	4	79.32	2.706894	2.710266	1448847949013931
高脂血症	5	99.15	2.739578	2.696442	1448847949047299
高脂血症	6	118.98	2.74556	2.7155	1448847949080579
高脂血症	7	138.81	2.754501	2.73259	1448847949113920
高脂血症	8	158.64	2.752029	2.719086	1448847949147284
高脂血症	9	178.47	2.750763	2.732376	1448847949180557
高脂血症	10	198.3	2.757324	2.737625	1448847949213922
高脂血症	11	218.13	2.764969	2.728638	1448847949247205
分别	4	79.32	2.741913	2.709839	1448847949447176
分别	5	99.15	2.76828	2.714249	1448847949480548
分别	6	118.98	2.767822	2.713821	1448847949513824
分别	7	138.81	2.740936	2.703003	1448847949547177
分别	8	158.64	2.72934	2.709274	1448847949580539
正常值	4	79.32	2.729523	2.675583	1448847949780536
	5	99.15	2.730423	2.652924	1448847949813797
正常值	6	118.98	2.744629	2.647217	1448847949847164
正常值	7	138.81	2.739395	2.649567	1448847949880538
空腹	4	79.32	2.768631	2.677673	1448847950047158
空腹	5	99.15	2.785309	2.691193	1448847950080433
空腹	6	118.98	2.770645	2.69136	1448847950113794
空腹	7	138.81	2.784531	2.70343	1448847950147155
空腹	8	158.64	2.788132	2.673904	1448847950180421
空腹	9	178.47	2.774796	2.689819	1448847950213787
空腹	10	198.3	2.759857	2.676315	1448847950247063
空腹	11	218.13	2.769302	2.683075	1448847950280416
空腹	12	237.96	2.780426	2.656708	1448847950313783
空腹	13	257.79	2.776627	2.650681	1448847950347043
空腹	14	277.62	2.780106	2.680649	1448847950380411
空腹	15	297.45	2.775787	2.680771	1448847950413781
血糖	16	317.28	2.762238	2.664581	1448847950447049
血糖	17	337.11	2.774078	2.642014	1448847950480407
血糖	18	356.94	2.726212	2.634338	1448847950513665
血糖	19	376.77	2.739883	2.649536	1448847950547044
血糖	20	396.6	2.731888	2.651566	1448847950580404
血糖	21	416.43	2.6987	2.644592	1448847950613668
血糖	22	436.26	2.716919	2.636261	1448847950647034
血糖	23	456.09	2.717026	2.625946	1448847950680402
血糖	24	475.92	2.713028	2.626755	1448847950713683
血糖	25	495.75	2.695557	2.604492	1448847950747029
血糖	26	515.58	2.708115	2.614319	1448847950780316
	27	535.41	2.710022	2.614807	1448847950813659
血糖	28	555.24	2.698074	2.613663	1448847950847030
血糖	29	575.07	2.712372	2.643387	1448847950880316
血糖	30	594.9	2.707413	2.63324	1448847950913662
血糖	31	614.73	2.715347	2.621536	1448847950947024
血糖	32	634.56	2.720642	2.620285	1448847950980301
血糖	33	654.39	2.698364	2.621857	1448847951013655
血糖	34	674.22	2.714966	2.630646	1448847951047024
血糖	35	694.05	2.711502	2.626816	1448847951080279
	4	79.32	2.693634	2.611954	1448847951246922
正常值	5	99.15	2.702042	2.623367	1448847951280278
正常值	6	118.98	2.703186	2.627563	1448847951313647
正常值	7	138.81	2.70076	2.598129	1448847951346920
正常值	8	158.64	2.69989	2.634018	1448847951380278
正常值	9	178.47	2.697189	2.608292	1448847951413645
	10	198.3	2.698944	2.608734	1448847951446908
	11	218.13	2.66951	2.621826	1448847951480270
	12	237.96	2.712326	2.604767	1448847951513548
	13	257.79	2.687485	2.634644	1448847951546899
	14	277.62	2.688309	2.621292	1448847951580267
	15	297.45	2.694122	2.593079	1448847951613539
	16	317.28	2.692749	2.602951	1448847951646893
	17	337.11	2.693161	2.612976	1448847951680266
在	18	356.94	2.677078	2.616211	1448847951713544
	19	376.77	2.68576	2.615509	1448847951746895
	4	79.32	2.606186	2.561707	1448847952256849
	5	99.15	2.603333	2.544556	1448847952290119
	6	118.98	2.566071	2.517792	1448847952323471
	7	138.81	2.552612	2.523804	1448847952356846
	8	158.64	2.515213	2.505157	1448847952390108
	9	178.47	2.520538	2.490265	1448847952423468
	10	198.3	2.48468	2.483078	1448847952456756
	11	218.13	2.494095	2.474792	1448847952490100
	12	237.96	2.496475	2.46492	1448847952523471
	13	257.79	2.472748	2.474625	1448847952556743
	14	277.62	2.454605	2.467407	1448847952590100
	15	297.45	2.465897	2.476196	1448847952623461
	16	317.28	2.450607	2.478653	1448847952656742
	17	337.11	2.442642	2.482056	1448847952690094
	4	79.32	2.484482	2.560486	1448847953979876
	5	99.15	2.530975	2.577103	1448847954013248
	4	79.32	2.57222	2.549789	1448847954673139
	5	99.15	2.557556	2.527527	1448847954706509
启动眼动仪	4	79.32	2.510056	2.492401	1448847954906413
启动眼动仪	5	99.15	2.493622	2.483154	1448847954939766
启动眼动仪	6	118.98	2.494858	2.482697	1448847954973132
启动眼动仪	7	138.81	2.463242	2.478638	1448847955006389
启动眼动仪	8	158.64	2.473251	2.463333	1448847955039763
开始实验	4	79.32	2.508499	2.503342	1448847955273016
开始实验	5	99.15	2.483887	2.500107	1448847955306386
开始实验	6	118.98	2.480042	2.500214	1448847955339754
开始实验	7	138.81	2.480804	2.514984	1448847955373012
开始实验	8	158.64	2.483871	2.50769	1448847955406378
开始实验	9	178.47	2.491531	2.524307	1448847955439661
开始实验	10	198.3	2.483963	2.521439	1448847955473010
开始实验	11	218.13	2.48259	2.522263	1448847955506364
开始实验	12	237.96	2.491898	2.519669	1448847955539647
开始实验	13	257.79	2.482544	2.516937	1448847955573007
开始实验	14	277.62	2.50647	2.501602	1448847955606375
如果	4	79.32	2.635605	2.632034	1448847956009615
如果	5	99.15	2.629929	2.630249	1448847956042983
如果	6	118.98	2.624786	2.631699	1448847956076257
	4	79.32	2.617203	2.530991	1448847956279591
	5	99.15	2.592163	2.528229	1448847956312850
	6	118.98	2.567551	2.504486	1448847956346222
	7	138.81	2.569824	2.490707	1448847956379593
	8	158.64	2.565735	2.513092	1448847956412851
has	9	178.47	2.56015	2.478317	1448847956446222
(which	10	198.3	2.561417	2.501465	1448847956479587
(which	11	218.13	2.556137	2.50795	1448847956512863
has	12	237.96	2.55574	2.521057	1448847956546217
has	13	257.79	2.532593	2.506622	1448847956579584
has	14	277.62	2.546539	2.520035	1448847956612846
(which	15	297.45	2.542328	2.534271	1448847956646213
(which	16	317.28	2.566803	2.527802	1448847956679490
(which	17	337.11	2.552826	2.538651	1448847956712846
(which	18	356.94	2.566971	2.526321	1448847956746211
(which	19	376.77	2.573334	2.542465	1448847956779493
(which	20	396.6	2.567947	2.544373	1448847956812843
Baigle Search	4	79.32	2.55159	2.578705	1448847957046090
Baigle Search	5	99.15	2.55101	2.551056	1448847957079463
Baigle Search	6	118.98	2.567047	2.567474	1448847957112834
Baigle Search	4	79.32	2.544922	2.54628	1448847957446085
Baigle Search	5	99.15	2.530853	2.554672	1448847957479365
Baigle Search	6	118.98	2.583298	2.565033	1448847957512713
Baigle Search	7	138.81	2.582718	2.595917	1448847957546081
Baigle Search	8	158.64	2.605103	2.607376	1448847957579369
Baigle Search	4	79.32	2.633347	2.604141	1448847957812703
Baigle Search	5	99.15	2.639679	2.606171	1448847957845971
Baigle Search	6	118.98	2.630554	2.621582	1448847957879338
Baigle Search	7	138.81	2.641327	2.609238	1448847957912699
(/ˈaɪnstaɪn/;[3]	8	158.64	2.625488	2.611496	1448847957945950
Baigle Search	9	178.47	2.638779	2.59874	1448847957979332
Baigle Search	10	198.3	2.632935	2.627731	1448847958012702
Baigle Search	4	79.32	2.680527	2.620697	1448847958179326
Baigle Search	5	99.15	2.652832	2.652527	1448847958212590
Baigle Search	6	118.98	2.675919	2.524841	1448847958245956
Baigle Search	4	79.32	2.711807	2.675461	1448847958445949
Baigle Search	5	99.15	2.709824	2.67569	1448847958479227
Baigle Search	6	118.98	2.701569	2.703644	1448847958512577
Baigle Search	7	138.81	2.721054	2.676346	1448847958545948
Baigle Search	8	158.64	2.724548	2.574905	1448847958579212
Baigle Search	9	178.47	2.692352	2.462723	1448847958612572
German-born	4	79.32	2.825485	2.71312	1448847959279187
German-born	5	99.15	2.797684	2.668701	1448847959315802
German-born	6	118.98	2.73175	2.675293	1448847959349172
German-born	7	138.81	2.715912	2.66832	1448847959382439
Baigle Search	4	79.32	2.661896	2.654526	1448847959582412
Baigle Search	4	79.32	2.651367	2.646454	1448847959782418
Baigle Search	5	99.15	2.647247	2.625427	1448847959815787
查询	6	118.98	2.654465	2.626373	1448847959849047
查询	7	138.81	2.652588	2.632889	1448847959882415
查询	8	158.64	2.661591	2.638809	1448847959915692
查询	9	178.47	2.659821	2.649597	1448847959949045
查询	10	198.3	2.659912	2.615021	1448847959982415
查询	11	218.13	2.669739	2.632187	1448847960015686
relativity,	4	79.32	2.730713	2.706268	1448847960215669
relativity,	5	99.15	2.74295	2.725601	1448847960249036
relativity,	6	118.98	2.742661	2.704407	1448847960282308
relativity,	7	138.81	2.75383	2.725494	1448847960315664
relativity,	8	158.64	2.767563	2.734421	1448847960349035
relativity,	9	178.47	2.770264	2.766495	1448847960382306
relativity,	10	198.3	2.79332	2.757111	1448847960415665
and	4	79.32	2.78183	2.734299	1448847960615655
and	5	99.15	2.783005	2.745407	1448847960648936
and	6	118.98	2.798645	2.746475	1448847960682284
and	7	138.81	2.767487	2.657272	1448847960715656
and	8	158.64	2.777985	2.706741	1448847960748912
and	9	178.47	2.762878	2.735321	1448847960782281
and	10	198.3	2.785873	2.681305	1448847960815654
and	11	218.13	2.751114	2.710617	1448847960848912
and	12	237.96	2.794464	2.69838	1448847960882284
In	4	79.32	2.629715	2.592743	1448847961085546
In	5	99.15	2.621933	2.596146	1448847961118893
In	6	118.98	2.648697	2.646591	1448847961152263
dilates.Spacetime:	4	79.32	2.688889	2.579132	1448847961352158
dilates.Spacetime:	5	99.15	2.732361	2.592178	1448847961385515
Baigle Search	4	79.32	2.662613	2.578873	1448847961585509
Baigle Search	5	99.15	2.622223	2.577499	1448847961618787
本次查询还需要看	6	118.98	2.638336	2.595505	1448847961652139
observers.	4	79.32	2.645905	2.689117	1448847962025478
observers.	5	99.15	2.673019	2.71347	1448847962058737
observers.	6	118.98	2.7276	2.71553	1448847962092106
nothing,	4	79.32	2.629318	2.624466	1448847962328718
nothing,	5	99.15	2.633072	2.628174	1448847962362088
just	6	118.98	2.631393	2.618073	1448847962395357
nothing,	4	79.32	2.590607	2.61734	1448847962595343
space	4	79.32	2.575851	2.557037	1448847962795325
space	5	99.15	2.590622	2.592026	1448847962828625
space	6	118.98	2.573914	2.569824	1448847962861966
can	7	138.81	2.589691	2.588409	1448847962895332
can	8	158.64	2.615158	2.596573	1448847962928586
can	9	178.47	2.572845	2.60553	1448847962961964
can	10	198.3	2.55925	2.574402	1448847962995331
can	11	218.13	2.625656	2.597885	1448847963028609
can	12	237.96	2.576355	2.61087	1448847963061962
space	13	257.79	2.596115	2.58345	1448847963095329
affect	4	79.32	2.597061	2.593109	1448847963295232
affect	5	99.15	2.62059	2.597244	1448847963328583
affect	6	118.98	2.645432	2.627121	1448847963361953
affect	7	138.81	2.64386	2.613205	1448847963395221
affect	8	158.64	2.652786	2.638626	1448847963428576
affect	9	178.47	2.671402	2.628571	1448847963461872
Baigle Search	10	198.3	2.660873	2.623093	1448847963495206
affect	11	218.13	2.670593	2.632965	1448847963528574
changed,	4	79.32	2.651398	2.632278	1448847963761829
changed,	5	99.15	2.67421	2.597275	1448847963795200
be	4	79.32	2.660095	2.595566	1448847963961825
be	5	99.15	2.65741	2.574844	1448847963995194
be	6	118.98	2.681824	2.585083	1448847964028450
theory"	4	79.32	2.622498	2.581848	1448847964228447
theory"	5	99.15	2.609741	2.584351	1448847964261817
Baigle Search	6	118.98	2.630936	2.589355	1448847964295091
Baigle Search	7	138.81	2.615051	2.601349	1448847964328447
Baigle Search	8	158.64	2.621979	2.608643	1448847964361813
Baigle Search	9	178.47	2.628098	2.608597	1448847964398428
Baigle Search	4	79.32	2.567368	2.490219	1448847964598425
Baigle Search	5	99.15	2.571152	2.477921	1448847964631697
Baigle Search	6	118.98	2.470581	2.463348	1448847964665056
Baigle Search	7	138.81	2.487442	2.456772	1448847964698425
Baigle Search	8	158.64	2.476944	2.498337	1448847964731703
light	4	79.32	2.559464	2.550751	1448847964965046
light	5	99.15	2.578659	2.563187	1448847964998305
light	6	118.98	2.545883	2.530319	1448847965035035
light	7	138.81	2.510529	2.527542	1448847965068314
light	8	158.64	2.543884	2.514664	1448847965101662
light	9	178.47	2.522141	2.545059	1448847965135034
changed,	4	79.32	2.518692	2.494736	1448847965334935
changed,	5	99.15	2.5439	2.492477	1448847965368288
changed,	6	118.98	2.515991	2.490173	1448847965401652
discussion	4	79.32	2.482986	2.497086	1448847965634915
discussion	5	99.15	2.51416	2.500839	1448847965668279
discussion	6	118.98	2.540833	2.519058	1448847965701558
discussion	7	138.81	2.509674	2.543121	1448847965734906
discussion	8	158.64	2.548553	2.546722	1448847965768278
Bucherer	4	79.32	2.495392	2.499954	1448847965968193
Bucherer	5	99.15	2.530212	2.520538	1448847966001529
Bucherer	6	118.98	2.503403	2.527985	1448847966034899
Bucherer	7	138.81	2.489365	2.530243	1448847966071517
space	4	79.32	2.597748	2.545166	1448847966304791
space	5	99.15	2.580048	2.541565	1448847966338141
space	6	118.98	2.567169	2.556274	1448847966371499
space	7	138.81	2.600113	2.5354	1448847966404784
space	8	158.64	2.590652	2.532486	1448847966438136
space	9	178.47	2.570724	2.53038	1448847966471500
space	10	198.3	2.585556	2.52037	1448847966504767
space	11	218.13	2.585663	2.531555	1448847966538122
Baigle Search	12	237.96	2.569443	2.520569	1448847966571506
Baigle Search	13	257.79	2.590881	2.525375	1448847966608120
Baigle Search	14	277.62	2.579071	2.532303	1448847966641490
Baigle Search	15	297.45	2.577957	2.529068	1448847966674746
Baigle Search	16	317.28	2.584793	2.532364	1448847966708116
Baigle Search	17	337.11	2.564316	2.529907	1448847966744746
Baigle Search	18	356.94	2.614166	2.545914	1448847966778103
Baigle Search	19	376.77	2.585953	2.530411	1448847966814736
Baigle Search	20	396.6	2.584488	2.542709	1448847966848092
Baigle Search	21	416.43	2.61853	2.552124	1448847966881360
Baigle Search	22	436.26	2.607498	2.551041	1448847966914725
Baigle Search	4	79.32	2.585175	2.559143	1448847967114715
Baigle Search	5	99.15	2.575424	2.535583	1448847967147980
您完成了一次查询，休息一下开始下一个查询	4	79.32	2.527893	2.484238	1448847967347997
您完成了一次查询，休息一下开始下一个查询	5	99.15	2.515732	2.500763	1448847967381336
您完成了一次查询，休息一下开始下一个查询	6	118.98	2.526428	2.497696	1448847967414708
您完成了一次查询，休息一下开始下一个查询	7	138.81	2.518753	2.483185	1448847967447968
您完成了一次查询，休息一下开始下一个查询	8	158.64	2.541412	2.498749	1448847967481335
Baigle Search	4	79.32	2.6073	2.560013	1448847967681330
Baigle Search	5	99.15	2.63414	2.563751	1448847967714588
Baigle Search	6	118.98	2.623138	2.591934	1448847967747961
Baigle Search	7	138.81	2.649384	2.602982	1448847967781316
Baigle Search	8	158.64	2.653503	2.5914	1448847967814601
Baigle Search	9	178.47	2.64621	2.613754	1448847967847969
下一个	4	79.32	2.63945	2.62561	1448847968014579
下一个	5	99.15	2.653427	2.620697	1448847968047954
下一个	6	118.98	2.60025	2.612061	1448847968081227
mmol	7	138.81	2.622879	2.618896	1448847968114578
mmol	8	158.64	2.637939	2.596176	1448847968147844
mmol	9	178.47	2.618988	2.581345	1448847968181206
mmol	10	198.3	2.608246	2.584839	1448847968214576
mmol	11	218.13	2.62677	2.590652	1448847968247832
mmol	12	237.96	2.613312	2.572372	1448847968281202
Baigle Search	13	257.79	2.606644	2.587402	1448847968314578
mmol	14	277.62	2.580032	2.58873	1448847968347836
Baigle Search	15	297.45	2.625519	2.583694	1448847968381200
Baigle Search	16	317.28	2.599991	2.566223	1448847968414468
mmol	17	337.11	2.625702	2.565842	1448847968447828
正常值	4	79.32	2.582779	2.573349	1448847968647826
正常值	5	99.15	2.578613	2.570969	1448847968681191
Baigle Search	6	118.98	2.587387	2.558395	1448847968714453
正常值	7	138.81	2.582596	2.572678	1448847968747824
正常值	8	158.64	2.570801	2.571899	1448847968781189
这次查询对应1个文档	4	79.32	2.534012	2.557953	1448847968981091
这次查询对应1个文档	5	99.15	2.548523	2.56366	1448847969014445
这次查询对应1个文档	6	118.98	2.540237	2.540771	1448847969047812
	4	79.32	2.507584	2.514008	1448847969247693
	5	99.15	2.521988	2.521805	1448847969281067
Baigle Search	6	118.98	2.497025	2.544632	1448847969314438
Baigle Search	7	138.81	2.528824	2.506943	1448847969347706
Baigle Search	8	158.64	2.51683	2.541367	1448847969381064
Baigle Search	9	178.47	2.541702	2.514801	1448847969414328
查询	4	79.32	2.582062	2.604828	1448847969614334
查询	5	99.15	2.584091	2.590973	1448847969647688
激素	4	79.32	2.642319	2.651016	1448847969880961
激素	5	99.15	2.648422	2.63327	1448847969914310
激素	6	118.98	2.658127	2.634323	1448847969947679
激素	7	138.81	2.683823	2.627518	1448847969980924
激素	8	158.64	2.675323	2.628098	1448847970014308
激素	9	178.47	2.656708	2.634155	1448847970047680
激素	10	198.3	2.671936	2.629471	1448847970080937
激素	11	218.13	2.66156	2.610428	1448847970114305
激素	12	237.96	2.638855	2.617798	1448847970147586
激素	13	257.79	2.631943	2.614258	1448847970180933
系统	4	79.32	2.589859	2.550812	1448847970380933
系统	5	99.15	2.534958	2.547714	1448847970414205
调节	6	118.98	2.597107	2.560593	1448847970447555
Baigle Search	4	79.32	2.581512	2.553314	1448847970680920
Baigle Search	5	99.15	2.577637	2.595551	1448847970714179
Baigle Search	6	118.98	2.593719	2.588013	1448847970747550
维持	7	138.81	2.593079	2.581329	1448847970780823
环境因素	4	79.32	2.6073	2.57605	1448847970984163
环境因素	5	99.15	2.589233	2.590012	1448847971017529
环境因素	6	118.98	2.563065	2.569992	1448847971050817
环境因素	7	138.81	2.572418	2.561218	1448847971090791
环境因素	8	158.64	2.60376	2.58107	1448847971124136
不合理	4	79.32	2.551605	2.518112	1448847971327483
不合理	5	99.15	2.543564	2.519867	1448847971360767
不合理	6	118.98	2.521347	2.497284	1448847971394118
Baigle Search	4	79.32	2.458328	2.475891	1448847971594114
膳食	5	99.15	2.450775	2.488754	1448847971627387
膳食	6	118.98	2.475006	2.443375	1448847971660741
Baigle Search	7	138.81	2.420425	2.438583	1448847971694107
Baigle Search	8	158.64	2.443878	2.456177	1448847971727367
肥胖	4	79.32	2.424484	2.421951	1448847971927365
Baigle Search	4	79.32	2.424805	2.426773	1448847972160644
Baigle Search	4	79.32	2.470444	2.475372	1448847972360611
Baigle Search	5	99.15	2.450684	2.477554	1448847972393979
Baigle Search	6	118.98	2.44632	2.502869	1448847972427239
Baigle Search	4	79.32	2.453537	2.49968	1448847972593976
Baigle Search	5	99.15	2.464706	2.51413	1448847972627230
Baigle Search	6	118.98	2.465393	2.493713	1448847972660603
Baigle Search	7	138.81	2.453934	2.485962	1448847972693975
高血压	4	79.32	2.501373	2.526367	1448847972893863
高血压	5	99.15	2.52681	2.535309	1448847972927225
高脂血症	4	79.32	2.597473	2.563644	1448847973127223
高脂血症	5	99.15	2.590286	2.538025	1448847973160474
。	6	118.98	2.633301	2.578857	1448847973193850
这一	4	79.32	2.564819	2.549774	1448847973393845
Baigle Search	5	99.15	2.588135	2.561386	1448847973427103
Baigle Search	6	118.98	2.594498	2.569473	1448847973460458
Baigle Search	7	138.81	2.573532	2.581558	1448847973493841
Baigle Search	4	79.32	2.597534	2.585434	1448847973660467
Baigle Search	5	99.15	2.567734	2.573273	1448847973693746
Baigle Search	6	118.98	2.578644	2.556839	1448847973727096
Baigle Search	4	79.32	2.61261	2.571777	1448847973927092
Baigle Search	5	99.15	2.590851	2.582535	1448847973960461
Baigle Search	6	118.98	2.618454	2.580658	1448847973993718
Baigle Search	7	138.81	2.587006	2.59166	1448847974027085
高血糖	4	79.32	2.587509	2.607483	1448847974293703
高血糖	5	99.15	2.611832	2.616074	1448847974326991
调节	4	79.32	2.546799	2.582458	1448847974653631
调节	5	99.15	2.571625	2.569977	1448847974686986
调节	6	118.98	2.567917	2.526779	1448847974720236
调节	7	138.81	2.577652	2.52034	1448847974753610
调节	8	158.64	2.571808	2.535477	1448847974786977
调节	9	178.47	2.570831	2.515076	1448847974820255
Baigle Search	4	79.32	2.507751	2.469955	1448847975020232
Baigle Search	5	99.15	2.536621	2.489197	1448847975053603
Baigle Search	6	118.98	2.526932	2.477982	1448847975086882
Baigle Search	7	138.81	2.522705	2.503265	1448847975120229
遗传	4	79.32	2.540955	2.517715	1448847975323584
遗传	5	99.15	2.554749	2.49913	1448847975356846
遗传	6	118.98	2.537064	2.51387	1448847975390213
遗传	7	138.81	2.562805	2.495209	1448847975423581
Baigle Search	4	79.32	2.525909	2.497665	1448847975623481
Baigle Search	5	99.15	2.51799	2.484924	1448847975656837
环境因素	6	118.98	2.51001	2.506592	1448847975690203
环境因素	7	138.81	2.49794	2.47908	1448847975723472
环境因素	8	158.64	2.521225	2.465424	1448847975756832
环境因素	9	178.47	2.50528	2.487778	1448847975790087
环境因素	10	198.3	2.490723	2.498093	1448847975823450
环境因素	11	218.13	2.488541	2.465958	1448847975856832
环境因素	12	237.96	2.509491	2.460983	1448847975890105
Baigle Search	13	257.79	2.480087	2.463165	1448847975923451
Baigle Search	14	277.62	2.456726	2.438568	1448847975956828
Baigle Search	15	297.45	2.454269	2.477859	1448847975990096
Baigle Search	16	317.28	2.4552	2.445099	1448847976023443
Baigle Search	17	337.11	2.452133	2.461563	1448847976056825
Baigle Search	4	79.32	2.451782	2.461716	1448847976256709
Baigle Search	5	99.15	2.453812	2.483078	1448847976290077
膳食	6	118.98	2.433121	2.480881	1448847976323438
不合理	4	79.32	2.52478	2.553131	1448847976523363
Baigle Search	5	99.15	2.513275	2.487045	1448847976556698
Baigle Search	6	118.98	2.512299	2.492538	1448847976590071
出现	7	138.81	2.504959	2.50853	1448847976623342
即	4	79.32	2.509644	2.526108	1448847976856689
即	5	99.15	2.506561	2.50856	1448847976889969
即	6	118.98	2.502655	2.520645	1448847976923319
查询	4	79.32	2.546387	2.525909	1448847977123317
查询	5	99.15	2.58107	2.519211	1448847977156571
的	4	79.32	2.552414	2.588821	1448847977389935
的	5	99.15	2.577133	2.589874	1448847977423215
的	6	118.98	2.593781	2.580002	1448847977456552
的	7	138.81	2.601593	2.602966	1448847977489936
的	8	158.64	2.613953	2.61058	1448847977523190
的	9	178.47	2.633148	2.613388	1448847977556567
	4	79.32	2.565979	2.572449	1448847977756558
	5	99.15	2.557297	2.575882	1448847977789809
，	4	79.32	2.529678	2.579544	1448847977989815
，	5	99.15	2.494812	2.568848	1448847978023180
7.8	4	79.32	2.510406	2.521164	1448847978223174
7.8	5	99.15	2.506424	2.52066	1448847978256432
Baigle Search	6	118.98	2.514664	2.486877	1448847978289804
7.8	7	138.81	2.500992	2.482544	1448847978323173
7.8	8	158.64	2.465134	2.491302	1448847978356433
Baigle Search	9	178.47	2.479507	2.497955	1448847978389787
Baigle Search	10	198.3	2.480728	2.480988	1448847978423056
Baigle Search	11	218.13	2.506012	2.481674	1448847978456428
Baigle Search	12	237.96	2.452957	2.49678	1448847978489797
Baigle Search	13	257.79	2.484268	2.485916	1448847978523072
Baigle Search	14	277.62	2.462189	2.498566	1448847978556428
Baigle Search	15	297.45	2.500656	2.502991	1448847978589795
Baigle Search	4	79.32	2.491669	2.530304	1448847978756419
Baigle Search	5	99.15	2.518951	2.497086	1448847978789704
Baigle Search	6	118.98	2.486252	2.536896	1448847978823048
Baigle Search	7	138.81	2.510406	2.522003	1448847978856421
Baigle Search	8	158.64	2.495773	2.525131	1448847978889695
Baigle Search	9	178.47	2.491028	2.506866	1448847978923045
Baigle Search	10	198.3	2.499313	2.522293	1448847978956336
Baigle Search	11	218.13	2.478348	2.51265	1448847978989675
Baigle Search	12	237.96	2.474518	2.491898	1448847979023044
Baigle Search	13	257.79	2.486252	2.502197	1448847979056298
Baigle Search	14	277.62	2.494019	2.501846	1448847979089674
Baigle Search	15	297.45	2.487564	2.49437	1448847979123044
Baigle Search	16	317.28	2.499756	2.472412	1448847979156297
Baigle Search	17	337.11	2.487411	2.473419	1448847979189654
Baigle Search	18	356.94	2.457367	2.469009	1448847979223041
Baigle Search	19	376.77	2.466156	2.486481	1448847979256300
Baigle Search	20	396.6	2.460327	2.475845	1448847979289667
Baigle Search	21	416.43	2.461517	2.475388	1448847979322935
Baigle Search	22	436.26	2.448914	2.469238	1448847979356299
正常值	23	456.09	2.449738	2.456741	1448847979389666
正常值	24	475.92	2.43428	2.473083	1448847979422942
正常值	25	495.75	2.460739	2.476578	1448847979456279
正常值	26	515.58	2.467133	2.479706	1448847979489659
正常值	27	535.41	2.476532	2.462006	1448847979522936
正常值	28	555.24	2.46785	2.471237	1448847979556290
Baigle Search	29	575.07	2.455048	2.475754	1448847979589658
Baigle Search	30	594.9	2.456497	2.489441	1448847979622910
Baigle Search	31	614.73	2.440918	2.480957	1448847979656288
Baigle Search	32	634.56	2.455933	2.469574	1448847979689557
Baigle Search	33	654.39	2.458527	2.480286	1448847979722916
Baigle Search	34	674.22	2.482239	2.449921	1448847979756286
Baigle Search	35	694.05	2.480927	2.463959	1448847979789573
Baigle Search	36	713.88	2.463806	2.480499	1448847979822911
	37	733.71	2.479111	2.487503	1448847979856280
血糖	38	753.54	2.482681	2.487442	1448847979889561
Baigle Search	39	773.37	2.479218	2.487396	1448847979922909
Baigle Search	40	793.2	2.465698	2.48494	1448847979956196
血糖	41	813.03	2.482864	2.480728	1448847979989539
血糖	42	832.86	2.472488	2.491547	1448847980022908
血糖	43	852.69	2.504776	2.496704	1448847980056182
血糖	44	872.52	2.504608	2.494644	1448847980089536
血糖	45	892.35	2.502014	2.502121	1448847980122902
血糖	46	912.18	2.511032	2.507538	1448847980156183
血糖	47	932.01	2.492279	2.497177	1448847980189519
血糖	48	951.84	2.504868	2.483276	1448847980222819
血糖	49	971.67	2.480957	2.494553	1448847980256158
血糖	50	991.5	2.47905	2.45787	1448847980289515
血糖	51	1011.33	2.478882	2.475342	1448847980322819
血糖	52	1031.16	2.466034	2.458069	1448847980356159
Baigle Search	53	1050.99	2.460464	2.479446	1448847980389528
之后	4	79.32	2.438629	2.479599	1448847980759410
生产	5	99.15	2.464844	2.483871	1448847980796131
生产	6	118.98	2.492661	2.509598	1448847980829413
Baigle Search	4	79.32	2.517502	2.512512	1448847981029394
Baigle Search	5	99.15	2.527557	2.518524	1448847981062747
Baigle Search	6	118.98	2.514969	2.518677	1448847981096031
Baigle Search	7	138.81	2.509933	2.551758	1448847981129372
Baigle Search	8	158.64	2.534378	2.529648	1448847981162745
Baigle Search	9	178.47	2.503357	2.522156	1448847981196016
Baigle Search	4	79.32	2.502899	2.474014	1448847981872598
Baigle Search	4	79.32	2.542709	2.525558	1448847982105950
Baigle Search	5	99.15	2.57341	2.509201	1448847982142566
准妈妈	4	79.32	2.485031	2.471893	1448847982345914
准妈妈	5	99.15	2.486618	2.488129	1448847982379195
饿	4	79.32	2.52739	2.526062	1448847982545913
饿	5	99.15	2.543137	2.521561	1448847982579174
饿	6	118.98	2.483322	2.533905	1448847982612540
饿	7	138.81	2.46553	2.491196	1448847982645797
可以	4	79.32	2.619064	2.657913	1448847983232458
可以	5	99.15	2.653366	2.690414	1448847983265745
可以	6	118.98	2.65799	2.688934	1448847983299088
可以	7	138.81	2.711746	2.682755	1448847983332456
可以	8	158.64	2.729279	2.680298	1448847983365710
豆浆	4	79.32	2.595261	2.517441	1448847983565709
豆浆	5	99.15	2.57074	2.529205	1448847983599080
饼干	4	79.32	2.591492	2.559509	1448847983798992
饼干	5	99.15	2.614243	2.563919	1448847983832334
饼干	6	118.98	2.615219	2.605255	1448847983865688
饼干	7	138.81	2.639664	2.613113	1448847983898966
饼干	8	158.64	2.660721	2.600769	1448847983932328
饼干	9	178.47	2.664169	2.601395	1448847983965699
饼干	10	198.3	2.693512	2.62352	1448847983998975
饼干	11	218.13	2.673004	2.6306	1448847984032329
饼干	12	237.96	2.711609	2.596329	1448847984065609
饼干	13	257.79	2.733627	2.638458	1448847984098961
饼干	14	277.62	2.713547	2.666077	1448847984132330
饼干	15	297.45	2.704742	2.662033	1448847984165610
饼干	16	317.28	2.705887	2.65361	1448847984198953
饼干	17	337.11	2.727264	2.636475	1448847984232323
饼干	18	356.94	2.70488	2.618195	1448847984265599
饼干	19	376.77	2.669403	2.636124	1448847984298948
饼干	20	396.6	2.668488	2.655365	1448847984332211
饼干	21	416.43	2.639893	2.615784	1448847984365568
饼干	22	436.26	2.647247	2.610168	1448847984398947
饼干	23	456.09	2.621399	2.596909	1448847984435551
饼干	24	475.92	2.630661	2.589783	1448847984468935
饼干	25	495.75	2.608902	2.558777	1448847984502301
饼干	26	515.58	2.637421	2.583298	1448847984535563
饼干	27	535.41	2.600113	2.571259	1448847984568932
饼干	28	555.24	2.574493	2.539719	1448847984602190
饼干	29	575.07	2.540039	2.518875	1448847984635561
饼干	30	594.9	2.536896	2.517303	1448847984668926
饼干	31	614.73	2.498169	2.479874	1448847984702189
无糖	4	79.32	2.654312	2.621002	1448847985505415
无糖	5	99.15	2.635529	2.628754	1448847985538785
无糖	6	118.98	2.649551	2.61293	1448847985572075
无糖	7	138.81	2.629684	2.629791	1448847985605411
无糖	8	158.64	2.66777	2.611023	1448847985638780
无糖	9	178.47	2.610229	2.577377	1448847985672072
无糖	10	198.3	2.607834	2.592621	1448847985705409
无糖	11	218.13	2.634689	2.577316	1448847985738781
等等	4	79.32	2.542557	2.510376	1448847985908761
Baigle Search	4	79.32	2.588257	2.589096	1448847986175388
Baigle Search	4	79.32	2.5746	2.53949	1448847986508638
Baigle Search	5	99.15	2.548294	2.529694	1448847986541926
Baigle Search	6	118.98	2.563004	2.530334	1448847986575261
Baigle Search	7	138.81	2.595367	2.553696	1448847986608635
Baigle Search	8	158.64	2.602768	2.568878	1448847986641918
Baigle Search	9	178.47	2.610947	2.565659	1448847986675264
Baigle Search	10	198.3	2.642853	2.600052	1448847986708629
Baigle Search	11	218.13	2.681671	2.577301	1448847986741889
Baigle Search	4	79.32	2.759323	2.690582	1448847986975257
Baigle Search	5	99.15	2.78801	2.703506	1448847987008543
Baigle Search	6	118.98	2.79155	2.708969	1448847987041881
Baigle Search	7	138.81	2.785812	2.724945	1448847987075252
Baigle Search	4	79.32	2.671463	2.613388	1448847987475150
Baigle Search	5	99.15	2.652817	2.614197	1448847987508502
Baigle Search	6	118.98	2.648972	2.602646	1448847987541757
Baigle Search	7	138.81	2.66008	2.593338	1448847987575130
Baigle Search	8	158.64	2.665054	2.605774	1448847987608495
Baigle Search	9	178.47	2.678513	2.620056	1448847987641767
Baigle Search	10	198.3	2.684875	2.632767	1448847987675127
您完成了一次查询，休息一下开始下一个查询	4	79.32	2.745056	2.702271	1448847987841751
下一个	4	79.32	2.771606	2.741745	1448847988008387
下一个	5	99.15	2.800964	2.744263	1448847988041749
下一个	6	118.98	2.806824	2.758621	1448847988075109
下一个	7	138.81	2.827576	2.764862	1448847988108364
下一个	8	158.64	2.864746	2.777557	1448847988141743
震撼	4	79.32	2.82135	2.737335	1448847988341739
震撼	5	99.15	2.822739	2.717575	1448847988375000
震撼	6	118.98	2.832306	2.721848	1448847988408369
震撼	7	138.81	2.788986	2.713257	1448847988441733
震撼	8	158.64	2.771698	2.701889	1448847988474995
震撼	9	178.47	2.774231	2.689682	1448847988508362
震撼	10	198.3	2.777283	2.692276	1448847988541619
震撼	11	218.13	2.755341	2.671906	1448847988574992
震撼	12	237.96	2.773102	2.69136	1448847988608361
震撼	13	257.79	2.765137	2.678345	1448847988641632
Baigle Search	4	79.32	2.721039	2.614441	1448847989008253
Baigle Search	5	99.15	2.723907	2.625748	1448847989041612
Baigle Search	6	118.98	2.700363	2.613739	1448847989074981
Baigle Search	7	138.81	2.725006	2.602448	1448847989108240
“	4	79.32	2.698578	2.623566	1448847989668131
“	5	99.15	2.689255	2.61142	1448847989701503
“	6	118.98	2.672852	2.616547	1448847989734878
当代文学	4	79.32	2.627838	2.607651	1448847989934778
当代文学	5	99.15	2.598785	2.605225	1448847989968128
当代文学	6	118.98	2.629333	2.608841	1448847990001500
当代文学	7	138.81	2.654922	2.63118	1448847990034756
当代文学	8	158.64	2.648605	2.602066	1448847990068125
当代文学	9	178.47	2.659607	2.643936	1448847990101495
当代文学	10	198.3	2.651932	2.630646	1448847990134760
当代文学	11	218.13	2.672211	2.624207	1448847990168121
茅盾文学奖	4	79.32	2.597504	2.59462	1448847990368119
茅盾文学奖	5	99.15	2.603775	2.597641	1448847990401393
茅盾文学奖	6	118.98	2.59227	2.581406	1448847990434747
改编	4	79.32	2.61911	2.596497	1448847990634740
改编	5	99.15	2.625092	2.61203	1448847990667996
改编	6	118.98	2.642273	2.602203	1448847990701368
Baigle Search	4	79.32	2.670197	2.620178	1448847991134614
Baigle Search	5	99.15	2.703262	2.630508	1448847991167988
多种	4	79.32	2.644943	2.647949	1448847991367978
多种	5	99.15	2.63443	2.635513	1448847991401235
多种	6	118.98	2.654068	2.616379	1448847991434606
多种	7	138.81	2.633957	2.617355	1448847991467982
多种	8	158.64	2.633469	2.608231	1448847991501238
Baigle Search	9	178.47	2.665329	2.61322	1448847991534605
多种	10	198.3	2.667938	2.647888	1448847991567879
Baigle Search	4	79.32	2.653992	2.639984	1448847991734602
秦腔	5	99.15	2.695404	2.656601	1448847991767875
Baigle Search	6	118.98	2.701767	2.672226	1448847991801230
	4	79.32	2.697037	2.646957	1448847992001223
	5	99.15	2.692017	2.651932	1448847992034497
查询	4	79.32	2.673157	2.636246	1448847992201121
查询	5	99.15	2.690521	2.669983	1448847992234476
查询	6	118.98	2.688492	2.643143	1448847992267846
查询	7	138.81	2.687973	2.674362	1448847992301106
查询	8	158.64	2.686203	2.659073	1448847992334475
查询	9	178.47	2.726303	2.694382	1448847992367845
查询	10	198.3	2.760742	2.677414	1448847992401102
查询	11	218.13	2.725143	2.709564	1448847992434470
查询	12	237.96	2.744507	2.708649	1448847992467757
最高	4	79.32	2.762329	2.734833	1448847992701097
最高	5	99.15	2.728485	2.72316	1448847992734460
艺术	4	79.32	2.765488	2.712326	1448847992934372
艺术	5	99.15	2.760284	2.712112	1448847992967717
艺术	6	118.98	2.718689	2.709717	1448847993001078
艺术	7	138.81	2.753204	2.679871	1448847993034363
艺术	8	158.64	2.712143	2.701004	1448847993067715
艺术	9	178.47	2.698349	2.681473	1448847993100998
掉	10	198.3	2.719482	2.665482	1448847993134345
Baigle Search	11	218.13	2.690231	2.678055	1448847993167714
Baigle Search	12	237.96	2.661636	2.668701	1448847993200981
Baigle Search	13	257.79	2.694519	2.687683	1448847993234340
Baigle Search	14	277.62	2.69989	2.678268	1448847993267710
Baigle Search	15	297.45	2.715057	2.685364	1448847993300987
Baigle Search	16	317.28	2.720123	2.700012	1448847993334336
Baigle Search	17	337.11	2.694016	2.702057	1448847993367704
Baigle Search	18	356.94	2.693726	2.679077	1448847993400965
Baigle Search	19	376.77	2.728836	2.699066	1448847993434333
Baigle Search	20	396.6	2.697479	2.687408	1448847993467606
翻天覆地	4	79.32	2.665802	2.673767	1448847993667589
翻天覆地	5	99.15	2.678589	2.648071	1448847993700958
翻天覆地	6	118.98	2.677765	2.647308	1448847993734243
翻天覆地	7	138.81	2.64682	2.667984	1448847993767590
翻天覆地	8	158.64	2.684494	2.657074	1448847993800957
翻天覆地	4	79.32	2.655502	2.684158	1448847993967587
》	4	79.32	2.659012	2.628128	1448847994167574
》	5	99.15	2.6371	2.638275	1448847994200851
》	6	118.98	2.656967	2.643936	1448847994234203
》	7	138.81	2.615219	2.622055	1448847994267571
》	8	158.64	2.636642	2.631561	1448847994300839
透析	4	79.32	2.684097	2.676483	1448847994500828
，	4	79.32	2.634537	2.613159	1448847994767446
，	5	99.15	2.647339	2.587311	1448847994800820
，	6	118.98	2.641663	2.601288	1448847994834076
，	7	138.81	2.649414	2.607727	1448847994867442
，	8	158.64	2.680573	2.623383	1448847994900816
，	9	178.47	2.646881	2.613831	1448847994934083
，	10	198.3	2.625992	2.611038	1448847994967434
，	11	218.13	2.642303	2.58551	1448847995000733
，	12	237.96	2.610352	2.580276	1448847995034073
，	13	257.79	2.640793	2.566116	1448847995067432
，	14	277.62	2.62178	2.568542	1448847995100703
史诗	4	79.32	2.577713	2.526215	1448847995300694
史诗	5	99.15	2.549088	2.526123	1448847995334068
Baigle Search	6	118.98	2.566589	2.525116	1448847995367347
Baigle Search	7	138.81	2.571381	2.518555	1448847995400693
Baigle Search	8	158.64	2.556122	2.54071	1448847995434062
史诗	9	178.47	2.582733	2.537079	1448847995467320
白鹿村	4	79.32	2.610825	2.602509	1448847995634057
Baigle Search	5	99.15	2.59671	2.555206	1448847995667313
Baigle Search	6	118.98	2.626038	2.58931	1448847995700685
Baigle Search	7	138.81	2.631165	2.583969	1448847995733941
白嘉轩	4	79.32	2.625427	2.603989	1448847995933929
白嘉轩	5	99.15	2.608383	2.623489	1448847995967307
Baigle Search	6	118.98	2.621109	2.604507	1448847996000560
族长	4	79.32	2.626617	2.609772	1448847996333930
族长	5	99.15	2.635254	2.615128	1448847996367208
族长	6	118.98	2.639954	2.612747	1448847996400558
族长	7	138.81	2.63298	2.626572	1448847996433927
族长	8	158.64	2.635788	2.608917	1448847996467197
族长	9	178.47	2.618774	2.609787	1448847996500552
族长	10	198.3	2.624924	2.606308	1448847996533820
Baigle Search	4	79.32	2.637039	2.597305	1448847996733807
困顿	5	99.15	2.631897	2.59642	1448847996767176
困顿	6	118.98	2.629028	2.606979	1448847996800549
守己	4	79.32	2.645554	2.617554	1448847997000433
守己	5	99.15	2.609909	2.614334	1448847997033799
守己	6	118.98	2.629959	2.613617	1448847997067169
守己	7	138.81	2.639328	2.60463	1448847997100426
守己	8	158.64	2.631912	2.597275	1448847997133788
族长	4	79.32	2.579788	2.60405	1448847997300427
族长	5	99.15	2.570297	2.561493	1448847997333794
Baigle Search	6	118.98	2.575653	2.564896	1448847997367047
族长	7	138.81	2.55217	2.57457	1448847997400419
Baigle Search	4	79.32	2.59819	2.56485	1448847997767040
Baigle Search	5	99.15	2.629242	2.576706	1448847997800409
Baigle Search	4	79.32	2.621628	2.583237	1448847997967036
Baigle Search	4	79.32	2.624344	2.561569	1448847998133662
Baigle Search	5	99.15	2.613495	2.570633	1448847998167033
Baigle Search	6	118.98	2.594467	2.565308	1448847998200292
Baigle Search	7	138.81	2.602768	2.555649	1448847998233659
压抑	4	79.32	2.568146	2.561066	1448847998433652
Baigle Search	4	79.32	2.560593	2.534592	1448847998666910
Baigle Search	5	99.15	2.588821	2.552155	1448847998700276
，	4	79.32	2.554993	2.521103	1448847998900176
，	5	99.15	2.536026	2.52037	1448847998933530
，	6	118.98	2.535263	2.511459	1448847998966895
，	7	138.81	2.517944	2.509979	1448847999000167
，	8	158.64	2.554047	2.509766	1448847999033524
是	4	79.32	2.56839	2.534836	1448847999266781
是	5	99.15	2.572876	2.53862	1448847999300151
Baigle Search	4	79.32	2.612473	2.552902	1448847999466776
Baigle Search	5	99.15	2.611053	2.580582	1448847999500143
Baigle Search	6	118.98	2.61969	2.563171	1448847999533399
Baigle Search	7	138.81	2.601074	2.569885	1448847999566773
Baigle Search	8	158.64	2.60788	2.574768	1448847999600140
Baigle Search	9	178.47	2.617447	2.558456	1448847999633419
低贱	4	79.32	2.622787	2.569427	1448847999800134
低贱	5	99.15	2.633957	2.584061	1448847999833395
低贱	6	118.98	2.62265	2.562134	1448847999866769
低贱	7	138.81	2.605133	2.566681	1448847999900022
低贱	8	158.64	2.597046	2.575119	1448847999933394
低贱	9	178.47	2.616959	2.560303	1448847999966761
Baigle Search	10	198.3	2.613266	2.565948	1448848000000039
Baigle Search	11	218.13	2.622131	2.575317	1448848000033388
Baigle Search	12	237.96	2.633591	2.567337	1448848000066762
Baigle Search	4	79.32	2.584579	2.557083	1448848000266646
Baigle Search	5	99.15	2.583267	2.554413	1448848000300016
Baigle Search	6	118.98	2.58696	2.551193	1448848000333382
Baigle Search	7	138.81	2.595276	2.567032	1448848000366650
Baigle Search	8	158.64	2.58934	2.567795	1448848000400012
Baigle Search	9	178.47	2.62471	2.574127	1448848000433294
Baigle Search	10	198.3	2.599594	2.567123	1448848000466639
Baigle Search	4	79.32	2.636215	2.584595	1448848000633279
Baigle Search	5	99.15	2.600616	2.594818	1448848000666633
族长	4	79.32	2.597473	2.58577	1448848000866630
族长	5	99.15	2.610596	2.582291	1448848000899886
族长	6	118.98	2.623795	2.588608	1448848000933256
族长	7	138.81	2.621567	2.608017	1448848000966624
仁义	4	79.32	2.614227	2.580231	1448848001133247
仁义	5	99.15	2.615067	2.596573	1448848001166522
仁义	6	118.98	2.568985	2.570023	1448848001199879
仁义	7	138.81	2.597092	2.55661	1448848001233248
的	4	79.32	2.551376	2.52533	1448848001399871
的	5	99.15	2.545456	2.533524	1448848001433147
Baigle Search	6	118.98	2.532913	2.517242	1448848001466490
的	7	138.81	2.547318	2.523911	1448848001499867
守己	4	79.32	2.546036	2.507278	1448848001666494
守己	5	99.15	2.526108	2.523331	1448848001699783
Baigle Search	6	118.98	2.528168	2.514603	1448848001733124
Baigle Search	4	79.32	2.533142	2.500473	1448848001933117
Baigle Search	5	99.15	2.544739	2.512741	1448848001966488
Baigle Search	6	118.98	2.529572	2.520813	1448848001999740
Baigle Search	7	138.81	2.556961	2.524185	1448848002033119
Baigle Search	8	158.64	2.541519	2.521637	1448848002066364
族长	4	79.32	2.576935	2.540329	1448848002233114
族长	5	99.15	2.588562	2.530975	1448848002266371
族长	6	118.98	2.58429	2.533737	1448848002299740
仁义	4	79.32	2.600204	2.585144	1448848002499729
仁义	5	99.15	2.611679	2.568512	1448848002532988
仁义	6	118.98	2.610733	2.580414	1448848002566350
仁义	7	138.81	2.616684	2.577209	1448848002599731
仁义	8	158.64	2.612976	2.584061	1448848002632986
仁义	9	178.47	2.61528	2.574234	1448848002666359
仁义	10	198.3	2.604141	2.564011	1448848002699644
仁义	11	218.13	2.61087	2.589615	1448848002732990
Baigle Search	4	79.32	2.557693	2.516983	1448848002966354
Baigle Search	5	99.15	2.530899	2.519363	1448848002999610
Baigle Search	6	118.98	2.549728	2.531418	1448848003032979
Baigle Search	7	138.81	2.534042	2.508713	1448848003066250
Baigle Search	8	158.64	2.571152	2.529755	1448848003099608
Baigle Search	9	178.47	2.581039	2.533585	1448848003132977
Baigle Search	10	198.3	2.585312	2.535751	1448848003166233
Baigle Search	4	79.32	2.589462	2.554932	1448848003366229
Baigle Search	5	99.15	2.619476	2.549164	1448848003399596
Baigle Search	6	118.98	2.57843	2.565201	1448848003432857
Baigle Search	7	138.81	2.612778	2.554337	1448848003466216
白孝文	8	158.64	2.633926	2.558044	1448848003499597
Baigle Search	9	178.47	2.613602	2.581879	1448848003532874
Baigle Search	4	79.32	2.603119	2.583252	1448848003699497
Baigle Search	5	99.15	2.598709	2.566605	1448848003732851
Baigle Search	6	118.98	2.594238	2.558075	1448848003766221
Baigle Search	7	138.81	2.595306	2.566223	1448848003799477
Baigle Search	8	158.64	2.598984	2.562637	1448848003832849
Baigle Search	9	178.47	2.622009	2.564896	1448848003866218
Baigle Search	10	198.3	2.598663	2.576813	1448848003899476
Baigle Search	4	79.32	2.577911	2.556458	1448848004066103
Baigle Search	5	99.15	2.583206	2.547852	1448848004099460
Baigle Search	6	118.98	2.572693	2.544952	1448848004132843
Baigle Search	7	138.81	2.584396	2.531158	1448848004166095
Baigle Search	8	158.64	2.577515	2.540848	1448848004199461
Baigle Search	9	178.47	2.576141	2.540329	1448848004232838
Baigle Search	10	198.3	2.600708	2.5354	1448848004266104
Baigle Search	11	218.13	2.578903	2.537521	1448848004299456
Baigle Search	12	237.96	2.58403	2.535873	1448848004332721
Baigle Search	13	257.79	2.569916	2.541122	1448848004366086
Baigle Search	14	277.62	2.586105	2.535599	1448848004399458
是	15	297.45	2.583481	2.542831	1448848004432720
是	16	317.28	2.583603	2.530777	1448848004466088
Baigle Search	17	337.11	2.568558	2.54512	1448848004499463
Baigle Search	18	356.94	2.594589	2.545685	1448848004532734
Baigle Search	4	79.32	2.624557	2.561432	1448848004732716
Baigle Search	5	99.15	2.63446	2.547791	1448848004766084
Baigle Search	6	118.98	2.617935	2.552185	1448848004799354
，	4	79.32	2.59671	2.571304	1448848005165964
，	5	99.15	2.614685	2.55928	1448848005199333
，	6	118.98	2.603409	2.566254	1448848005232613
，	7	138.81	2.582382	2.555359	1448848005265959
，	8	158.64	2.608582	2.590256	1448848005299327
，	9	178.47	2.584854	2.561798	1448848005332601
，	10	198.3	2.600449	2.597	1448848005365959
鹿三	4	79.32	2.572479	2.561203	1448848005565955
鹿三	5	99.15	2.533188	2.537003	1448848005599209
鹿三	6	118.98	2.557526	2.519211	1448848005632579
鹿三	7	138.81	2.566071	2.550827	1448848005665950
铮铮铁骨	4	79.32	2.564713	2.554245	1448848005832563
铮铮铁骨	5	99.15	2.568222	2.54097	1448848005865850
铮铮铁骨	6	118.98	2.562408	2.546921	1448848005899206
铮铮铁骨	7	138.81	2.555939	2.543747	1448848005932571
铮铮铁骨	8	158.64	2.575012	2.556061	1448848005965831
铮铮铁骨	9	178.47	2.5737	2.552658	1448848005999203
铮铮铁骨	10	198.3	2.596664	2.562302	1448848006032569
铮铮铁骨	4	79.32	2.55278	2.537216	1448848006199197
铮铮铁骨	5	99.15	2.565994	2.548447	1448848006232483
铮铮铁骨	6	118.98	2.574509	2.545547	1448848006265825
和	4	79.32	2.586777	2.554977	1448848006432447
卑微	5	99.15	2.54924	2.548035	1448848006465807
卑微	6	118.98	2.578278	2.55304	1448848006499080
卑微	7	138.81	2.588913	2.555832	1448848006532447
卑微	8	158.64	2.561813	2.539429	1448848006565804
Baigle Search	4	79.32	2.517563	2.515152	1448848006875774
Baigle Search	4	79.32	2.557251	2.517395	1448848007092401
，	5	99.15	2.56514	2.509613	1448848007125711
，	6	118.98	2.521439	2.50444	1448848007159082
，	7	138.81	2.565399	2.495026	1448848007192389
是	4	79.32	2.493744	2.51268	1448848007358957
铮铮铁骨	4	79.32	2.524872	2.494919	1448848007558975
铮铮铁骨	5	99.15	2.508606	2.527512	1448848007592327
铮铮铁骨	6	118.98	2.518936	2.505234	1448848007625584
铮铮铁骨	7	138.81	2.512665	2.496231	1448848007658950
铮铮铁骨	8	158.64	2.496277	2.525055	1448848007692328
铮铮铁骨	9	178.47	2.533051	2.518356	1448848007725584
铮铮铁骨	10	198.3	2.520447	2.500595	1448848007758957
铮铮铁骨	11	218.13	2.517822	2.523743	1448848007792322
Baigle Search	4	79.32	2.504959	2.516541	1448848008092232
Baigle Search	5	99.15	2.549149	2.506836	1448848008125574
Baigle Search	6	118.98	2.53479	2.519119	1448848008158945
Baigle Search	7	138.81	2.577026	2.514465	1448848008192196
Baigle Search	8	158.64	2.511917	2.530762	1448848008225573
Baigle Search	9	178.47	2.533188	2.50885	1448848008258832
，	10	198.3	2.51239	2.520355	1448848008292200
其子	4	79.32	2.519058	2.532471	1448848008458876
其子	5	99.15	2.534637	2.520203	1448848008492194
其子	6	118.98	2.513657	2.533035	1448848008525566
其子	7	138.81	2.514862	2.523483	1448848008558820
其子	8	158.64	2.499619	2.524872	1448848008592192
其子	9	178.47	2.513977	2.527771	1448848008625448
其子	10	198.3	2.51416	2.5186	1448848008658823
其子	11	218.13	2.493729	2.520279	1448848008692192
其子	12	237.96	2.565445	2.525467	1448848008725537
对	4	79.32	2.576111	2.499207	1448848008892099
对	5	99.15	2.48761	2.500595	1448848008925447
对	6	118.98	2.516113	2.538727	1448848008958813
低贱	4	79.32	2.523315	2.514145	1448848009125438
低贱	5	99.15	2.5504	2.529999	1448848009158705
低贱	6	118.98	2.51709	2.515915	1448848009192072
低贱	4	79.32	2.509109	2.51503	1448848009358716
低贱	5	99.15	2.528488	2.519669	1448848009392061
低贱	6	118.98	2.51976	2.496292	1448848009425432
不甘	4	79.32	2.498123	2.516281	1448848009725310
不甘	5	99.15	2.5168	2.50647	1448848009758679
愤怒	4	79.32	2.540878	2.509079	1448848009925293
愤怒	5	99.15	2.557312	2.531479	1448848009958677
愤怒	6	118.98	2.532562	2.531845	1448848009991943
愤怒	7	138.81	2.529099	2.516037	1448848010025305
的	4	79.32	2.51561	2.510376	1448848010191927
的	5	99.15	2.536819	2.511307	1448848010225296
的	6	118.98	2.535904	2.505356	1448848010258580
的	7	138.81	2.512878	2.520325	1448848010291931
，	4	79.32	2.532135	2.525787	1448848010491931
，	5	99.15	2.511765	2.503128	1448848010525183
，	6	118.98	2.513672	2.527359	1448848010558535
，	7	138.81	2.514893	2.507065	1448848010591924
，	8	158.64	2.521362	2.518997	1448848010625205
，	9	178.47	2.544876	2.526367	1448848010658546
，	10	198.3	2.543076	2.536072	1448848010691926
，	11	218.13	2.56517	2.561157	1448848010725180
，	12	237.96	2.55484	2.566803	1448848010758544
，	13	257.79	2.559387	2.557999	1448848010791820
是	14	277.62	2.583466	2.560211	1448848010825172
鹿子霖	4	79.32	2.55925	2.526566	1448848010991812
鹿子霖	5	99.15	2.557465	2.536514	1448848011025171
鹿子霖	6	118.98	2.544388	2.562378	1448848011058539
权益	4	79.32	2.550919	2.539749	1448848011258522
权益	5	99.15	2.547638	2.537323	1448848011291789
权益	6	118.98	2.553421	2.546844	1448848011325160
奉迎	4	79.32	2.529266	2.531204	1448848011525145
奉迎	5	99.15	2.546112	2.539322	1448848011558410
奉迎	6	118.98	2.555038	2.535553	1448848011591782
是	4	79.32	2.555283	2.533463	1448848011758407
是	5	99.15	2.569107	2.540695	1448848011791702
的	4	79.32	2.583664	2.547211	1448848011991661
的	5	99.15	2.561676	2.555649	1448848012025033
的	6	118.98	2.577332	2.55838	1448848012058318
的	7	138.81	2.577759	2.567001	1448848012091658
的	8	158.64	2.602249	2.556152	1448848012125032
的	9	178.47	2.570923	2.578094	1448848012158290
的	10	198.3	2.583466	2.581665	1448848012191656
的	11	218.13	2.623383	2.581665	1448848012225028
放纵	4	79.32	2.616104	2.605881	1448848012391649
放纵	5	99.15	2.624283	2.585663	1448848012424947
放纵	6	118.98	2.613586	2.584793	1448848012458278
放纵	7	138.81	2.634186	2.605759	1448848012491646
放纵	8	158.64	2.653107	2.601746	1448848012524916
追逐	4	79.32	2.631546	2.621063	1448848012724895
追逐	5	99.15	2.62384	2.621872	1448848012758270
追逐	6	118.98	2.632538	2.615692	1448848012791526
追逐	7	138.81	2.623962	2.612625	1448848012824899
追逐	8	158.64	2.619278	2.582794	1448848012858271
其子	4	79.32	2.621811	2.589249	1448848013191518
其子	5	99.15	2.644974	2.578461	1448848013224891
其子	6	118.98	2.634262	2.587601	1448848013258141
Baigle Search	4	79.32	2.641602	2.613937	1448848013424767
鹿兆鹏	5	99.15	2.639526	2.629761	1448848013458129
命运	4	79.32	2.652161	2.58493	1448848013658140
命运	5	99.15	2.629578	2.609955	1448848013691405
命运	6	118.98	2.627274	2.601898	1448848013724760
自觉革命	4	79.32	2.565781	2.529022	1448848013924763
自觉革命	5	99.15	2.535294	2.548981	1448848013958057
自觉革命	6	118.98	2.564255	2.545303	1448848013991384
让	4	79.32	2.541275	2.525513	1448848014191383
所有	4	79.32	2.595718	2.572662	1448848014391379
所有	5	99.15	2.599045	2.596252	1448848014424702
所有	6	118.98	2.614319	2.571686	1448848014458006
所有	7	138.81	2.586166	2.566849	1448848014491375
所有	8	158.64	2.583145	2.565231	1448848014524667
所有	9	178.47	2.604919	2.581985	1448848014558002
鹿兆鹏	4	79.32	2.649994	2.61528	1448848014757998
鹿兆鹏	5	99.15	2.621246	2.595886	1448848014791320
鹿兆鹏	6	118.98	2.621017	2.620331	1448848014824625
鹿兆鹏	7	138.81	2.694458	2.604294	1448848014857995
鹿兆鹏	8	158.64	2.676193	2.617325	1448848014891253
鹿兆鹏	9	178.47	2.66153	2.614456	1448848014924622
鹿兆鹏	10	198.3	2.702042	2.631851	1448848014957921
鹿兆鹏	11	218.13	2.692993	2.610291	1448848014991241
鹿兆鹏	12	237.96	2.67099	2.621826	1448848015024621
鹿兆鹏	13	257.79	2.651932	2.597961	1448848015057963
的	4	79.32	2.548889	2.565689	1448848015257876
的	5	99.15	2.550064	2.551849	1448848015291246
男人	4	79.32	2.601486	2.556107	1448848015491239
男人	5	99.15	2.598892	2.564407	1448848015524505
男人	6	118.98	2.592743	2.583145	1448848015557867
男人	7	138.81	2.583542	2.578262	1448848015591122
男人	8	158.64	2.632294	2.571671	1448848015624497
男人	9	178.47	2.616821	2.562607	1448848015657858
田小娥	4	79.32	2.66571	2.552826	1448848015857862
田小娥	5	99.15	2.61821	2.558868	1448848015891120
既	4	79.32	2.62709	2.586136	1448848016091112
既	5	99.15	2.62326	2.585938	1448848016124484
所有	4	79.32	2.57666	2.589554	1448848016491000
所有	5	99.15	2.641968	2.660645	1448848016524354
所有	6	118.98	2.609818	2.604019	1448848016557730
所有	7	138.81	2.626373	2.649109	1448848016590990
天下	4	79.32	2.608032	2.605652	1448848016790999
天下	5	99.15	2.607635	2.612427	1448848016824350
天下	6	118.98	2.582642	2.617401	1448848016857723
天下	7	138.81	2.64032	2.58934	1448848016890977
天下	8	158.64	2.62822	2.602005	1448848016924352
女人	4	79.32	2.602829	2.618149	1448848017090977
的	4	79.32	2.619156	2.608017	1448848017290969
的	5	99.15	2.624512	2.588074	1448848017324258
的	6	118.98	2.647644	2.63559	1448848017357601
的	7	138.81	2.637802	2.596039	1448848017390969
的	8	158.64	2.672729	2.625793	1448848017424244
的	9	178.47	2.672073	2.575409	1448848017457583
的	10	198.3	2.651031	2.633636	1448848017490856
的	11	218.13	2.64827	2.642822	1448848017524222
的	12	237.96	2.653595	2.610016	1448848017557593
基本	4	79.32	2.628281	2.646042	1448848017724217
基本	5	99.15	2.603897	2.602585	1448848017757514
基本	6	118.98	2.61174	2.613495	1448848017790846
基本	7	138.81	2.624741	2.580185	1448848017824206
基本	8	158.64	2.628983	2.606918	1448848017857480
基本	9	178.47	2.589935	2.616791	1448848017890843
基本	10	198.3	2.607132	2.599823	1448848017924214
Baigle Search	11	218.13	2.630173	2.566925	1448848017957473
Baigle Search	12	237.96	2.597839	2.594666	1448848017990840
Baigle Search	13	257.79	2.626358	2.592499	1448848018024211
Baigle Search	4	79.32	2.587494	2.518219	1448848018224089
Baigle Search	5	99.15	2.565323	2.522766	1448848018257461
Baigle Search	6	118.98	2.615768	2.557236	1448848018290838
Baigle Search	4	79.32	2.615173	2.577805	1448848018490746
caffe break-2	4	79.32	2.472519	2.499786	1448848018800696
caffe break-2	5	99.15	2.468521	2.51532	1448848018834047
caffe break-2	6	118.98	2.499435	2.526215	1448848018867400
caffe break-2	7	138.81	2.51091	2.528687	1448848018900675
caffe break-2	8	158.64	2.514557	2.543945	1448848018934043
caffe break-2	9	178.47	2.510696	2.542175	1448848018967400
caffe break-2	10	198.3	2.50058	2.532074	1448848019000672
caffe break-2	11	218.13	2.484222	2.527313	1448848019034038
caffe break-2	12	237.96	2.487808	2.533463	1448848019067321
caffe break-2	13	257.79	2.478378	2.518738	1448848019100671
caffe break-2	14	277.62	2.476364	2.518234	1448848019134039
caffe break-2	15	297.45	2.472504	2.516693	1448848019167326
caffe break-2	16	317.28	2.45108	2.516891	1448848019200667
caffe break-2	17	337.11	2.459	2.503311	1448848019234036
下一个	4	79.32	2.475037	2.503571	1448848019433918
下一个	5	99.15	2.47551	2.529419	1448848019467290
下一个	6	118.98	2.490494	2.517075	1448848019500655
下一个	7	138.81	2.488968	2.5177	1448848019533934
下一个	8	158.64	2.493637	2.548752	1448848019567274
下一个	9	178.47	2.543198	2.555542	1448848019600657
下一个	10	198.3	2.520477	2.555054	1448848019633932
下一个	11	218.13	2.527603	2.540695	1448848019667281
下一个	12	237.96	2.52002	2.56076	1448848019700563
Baigle Search	4	79.32	2.468567	2.491867	1448848020100533
Baigle Search	5	99.15	2.494827	2.484726	1448848020133901
Baigle Search	6	118.98	2.472321	2.484985	1448848020167175
Baigle Search	7	138.81	2.478775	2.482681	1448848020200529
Baigle Search	8	158.64	2.481491	2.481094	1448848020233896
Baigle Search	9	178.47	2.494354	2.470154	1448848020267156
Baigle Search	10	198.3	2.47847	2.47374	1448848020300523
Baigle Search	11	218.13	2.469345	2.47702	1448848020333808
Baigle Search	12	237.96	2.481491	2.483704	1448848020367155
Baigle Search	13	257.79	2.480026	2.500839	1448848020400524
Baigle Search	14	277.62	2.486221	2.49498	1448848020433803
Baigle Search	15	297.45	2.503632	2.50885	1448848020467147
Baigle Search	16	317.28	2.511826	2.509003	1448848020500521
Baigle Search	17	337.11	2.533035	2.516571	1448848020533798
Baigle Search	18	356.94	2.52919	2.53952	1448848020567149
Baigle Search	19	376.77	2.539047	2.539795	1448848020600508
Baigle Search	20	396.6	2.555939	2.551758	1448848020633778
Baigle Search	21	416.43	2.574921	2.564911	1448848020667135
Baigle Search	4	79.32	2.626541	2.632614	1448848020867141
查询	4	79.32	2.669754	2.664795	1448848021067043
查询	5	99.15	2.648834	2.655136	1448848021100399
查询	6	118.98	2.623016	2.648834	1448848021133767
查询	7	138.81	2.629303	2.640091	1448848021167039
查询	8	158.64	2.657227	2.647461	1448848021200393
查询	9	178.47	2.639389	2.658875	1448848021233760
查询	10	198.3	2.628937	2.644745	1448848021267025
查询	11	218.13	2.642532	2.638657	1448848021300391
查询	12	237.96	2.654861	2.649048	1448848021333665
从而	4	79.32	2.674149	2.688416	1448848021567013
从而	5	99.15	2.666168	2.66893	1448848021600298
从而	6	118.98	2.683105	2.686584	1448848021633635
从而	7	138.81	2.727676	2.700668	1448848021667014
从而	8	158.64	2.724136	2.709457	1448848021700281
从而	9	178.47	2.73262	2.708786	1448848021733636
从而	10	198.3	2.721313	2.679108	1448848021767003
从而	11	218.13	2.705719	2.672852	1448848021800285
从而	12	237.96	2.714661	2.68837	1448848021833638
从而	13	257.79	2.701523	2.67308	1448848021867004
从而	14	277.62	2.679047	2.689682	1448848021900266
；	4	79.32	2.657593	2.651947	1448848022100261
；	5	99.15	2.640091	2.637619	1448848022133631
；	6	118.98	2.640747	2.617966	1448848022166890
；	7	138.81	2.62709	2.62117	1448848022200256
路线	8	158.64	2.660919	2.678009	1448848022233624
Baigle Search	4	79.32	2.582291	2.614563	1448848022600155
Baigle Search	5	99.15	2.575317	2.616379	1448848022633503
Baigle Search	6	118.98	2.586533	2.62352	1448848022666875
Baigle Search	7	138.81	2.619095	2.632156	1448848022700140
	4	79.32	2.694641	2.65477	1448848023200123
Baigle Search	5	99.15	2.682556	2.660522	1448848023233398
Baigle Search	6	118.98	2.669525	2.661621	1448848023266749
和	7	138.81	2.689499	2.667175	1448848023300117
城市	4	79.32	2.645752	2.649689	1448848023500112
Baigle Search	4	79.32	2.726517	2.611923	1448848023766732
irrelevance	4	79.32	2.811661	2.684555	1448848024099990
irrelevance	5	99.15	2.798431	2.700302	1448848024133253
irrelevance	6	118.98	2.797516	2.766922	1448848024166614
Baigle Search	7	138.81	2.768295	2.726044	1448848024199986
irrelevance	8	158.64	2.783371	2.661713	1448848024233241
irrelevance	9	178.47	2.805435	2.705215	1448848024266609
irrelevance	10	198.3	2.779343	2.690704	1448848024299982
irrelevance	11	218.13	2.764328	2.60463	1448848024333240
irrelevance	12	237.96	2.783157	2.676315	1448848024366610
irrelevance	13	257.79	2.745178	2.374756	1448848024399972
irrelevance	14	277.62	2.756409	2.657043	1448848024433233
irrelevance	15	297.45	2.749878	2.649353	1448848024466605
irrelevance	16	317.28	2.727921	2.6259	1448848024499886
Baigle Search	4	79.32	2.659119	2.657089	1448848024733225
Baigle Search	5	99.15	2.656799	2.654449	1448848024766594
Baigle Search	6	118.98	2.669586	2.650833	1448848024799863
Baigle Search	7	138.81	2.70723	2.629501	1448848024833223
Baigle Search	8	158.64	2.68129	2.630768	1448848024866505
Baigle Search	9	178.47	2.675644	2.628799	1448848024899854
Baigle Search	10	198.3	2.66748	2.603622	1448848024933220
Baigle Search	11	218.13	2.642914	2.631561	1448848024966490
Baigle Search	12	237.96	2.634796	2.611938	1448848024999845
Baigle Search	13	257.79	2.638641	2.60347	1448848025033222
Baigle Search	14	277.62	2.64888	2.617142	1448848025066484
Baigle Search	4	79.32	2.619705	2.584106	1448848025266470
Baigle Search	5	99.15	2.612228	2.583359	1448848025299832
Baigle Search	6	118.98	2.607498	2.569458	1448848025333113
Baigle Search	7	138.81	2.559967	2.55899	1448848025366474
Baigle Search	4	79.32	2.529419	2.522018	1448848025566467
Baigle Search	5	99.15	2.525467	2.534485	1448848025599737
Baigle Search	6	118.98	2.524948	2.520737	1448848025633096
Baigle Search	7	138.81	2.522659	2.510864	1448848025666461
Baigle Search	8	158.64	2.533951	2.515289	1448848025699743
Baigle Search	9	178.47	2.549652	2.531342	1448848025733087
Baigle Search	10	198.3	2.550598	2.525192	1448848025766373
Baigle Search	11	218.13	2.549576	2.532867	1448848025799722
Baigle Search	12	237.96	2.561584	2.537857	1448848025833086
Baigle Search	13	257.79	2.564072	2.546341	1448848025866357
Baigle Search	14	277.62	2.569489	2.5569	1448848025899715
Baigle Search	15	297.45	2.563889	2.555511	1448848025933083
Baigle Search	16	317.28	2.584091	2.573517	1448848025966364
Baigle Search	17	337.11	2.581619	2.570267	1448848025999713
Baigle Search	18	356.94	2.597427	2.577179	1448848026032997
Baigle Search	19	376.77	2.600494	2.59317	1448848026066348
Baigle Search	20	396.6	2.621933	2.606613	1448848026099711
Baigle Search	21	416.43	2.612534	2.606659	1448848026132993
Baigle Search	22	436.26	2.65358	2.627472	1448848026166344
Baigle Search	23	456.09	2.629532	2.63092	1448848026199711
Baigle Search	24	475.92	2.665115	2.632034	1448848026232962
Baigle Search	25	495.75	2.677643	2.656631	1448848026266337
这次查询对应两个文档	4	79.32	2.741699	2.68428	1448848026466318
查询	4	79.32	2.725693	2.667465	1448848026699589
查询	5	99.15	2.696152	2.656921	1448848026732953
查询	6	118.98	2.705582	2.674362	1448848026766229
查询	7	138.81	2.684555	2.644836	1448848026799585
查询	8	158.64	2.698288	2.654572	1448848026832952
查询	9	178.47	2.716263	2.659012	1448848026866204
查询	10	198.3	2.706558	2.660034	1448848026899580
查询	11	218.13	2.716995	2.660629	1448848026932954
查询	12	237.96	2.693909	2.672729	1448848026966218
查询	13	257.79	2.72261	2.687439	1448848026999576
这次查询对应两个文档	4	79.32	2.690765	2.653641	1448848027199575
这次查询对应两个文档	5	99.15	2.686981	2.648834	1448848027232851
这次查询对应两个文档	6	118.98	2.721909	2.647171	1448848027266187
这次查询对应两个文档	7	138.81	2.712555	2.646286	1448848027299474
这次查询对应两个文档	8	158.64	2.72644	2.656815	1448848027332832
这次查询对应两个文档	9	178.47	2.732895	2.677261	1448848027366196
Baigle Search	10	198.3	2.736618	2.668442	1448848027399484
Baigle Search	11	218.13	2.751236	2.676498	1448848027432828
document	4	79.32	2.684784	2.625549	1448848027632825
document	5	99.15	2.672562	2.621902	1448848027666191
document	6	118.98	2.680054	2.625351	1448848027699442
query	4	79.32	2.659698	2.633636	1448848027899436
query	5	99.15	2.651733	2.628372	1448848027932813
Baigle Search	4	79.32	2.652206	2.486893	1448848028199442
Baigle Search	5	99.15	2.678345	2.505966	1448848028232715
Baigle Search	6	118.98	2.653702	2.496201	1448848028266050
query	4	79.32	2.668472	2.66774	1448848028532683
query	5	99.15	2.651917	2.636719	1448848028566054
the	6	118.98	2.646408	2.615814	1448848028599312
the	7	138.81	2.664993	2.615921	1448848028632688
the	8	158.64	2.635086	2.603882	1448848028665959
the	9	178.47	2.634766	2.589264	1448848028699311
the	10	198.3	2.606857	2.604279	1448848028732678
the	11	218.13	2.623657	2.604538	1448848028765952
the	12	237.96	2.579971	2.590729	1448848028799311
the	13	257.79	2.611389	2.584564	1448848028832681
the	14	277.62	2.599655	2.576431	1448848028865938
the	15	297.45	2.594772	2.57254	1448848028899307
the	16	317.28	2.564163	2.56691	1448848028932592
the	17	337.11	2.567322	2.56778	1448848028965938
the	18	356.94	2.597488	2.575012	1448848028999308
the	19	376.77	2.590485	2.552368	1448848029032580
the	20	396.6	2.55069	2.575226	1448848029065934
the	21	416.43	2.563736	2.555573	1448848029099302
	4	79.32	2.554321	2.540253	1448848029365923
	5	99.15	2.550278	2.540009	1448848029399198
	6	118.98	2.538086	2.534576	1448848029432554
document	4	79.32	2.541031	2.458817	1448848029732543
document	5	99.15	2.606735	2.451111	1448848029765816
Baigle Search	4	79.32	2.666885	2.651199	1448848029932430
Baigle Search	5	99.15	2.697662	2.672318	1448848029965798
Baigle Search	6	118.98	2.669403	2.633438	1448848029999171
Baigle Search	7	138.81	2.671112	2.641922	1448848030032418
Baigle Search	8	158.64	2.678909	2.637741	1448848030065796
Baigle Search	9	178.47	2.644119	2.503052	1448848030099167
Baigle Search	10	198.3	2.668091	2.442505	1448848030132440
document	4	79.32	2.636627	2.552582	1448848030332420
document	5	99.15	2.665161	2.547958	1448848030365785
document	6	118.98	2.606415	2.547348	1448848030399076
document	7	138.81	2.612915	2.534714	1448848030432416
Baigle Search	4	79.32	2.692368	2.652679	1448848030665689
Baigle Search	5	99.15	2.661163	2.654617	1448848030699039
Baigle Search	6	118.98	2.670792	2.658173	1448848030732409
Baigle Search	7	138.81	2.671982	2.617462	1448848030765682
Baigle Search	8	158.64	2.649918	2.619553	1448848030799036
Baigle Search	9	178.47	2.666962	2.615372	1448848030832405
Baigle Search	10	198.3	2.621765	2.622299	1448848030865653
Baigle Search	11	218.13	2.645081	2.607391	1448848030899035
Baigle Search	12	237.96	2.609833	2.61795	1448848030932318
Baigle Search	4	79.32	2.546448	2.573471	1448848031132306
Baigle Search	5	99.15	2.539078	2.545303	1448848031165660
Baigle Search	6	118.98	2.504044	2.547607	1448848031198939
Baigle Search	7	138.81	2.551544	2.557022	1448848031232287
Baigle Search	8	158.64	2.545334	2.553024	1448848031265652
Baigle Search	9	178.47	2.530685	2.547592	1448848031298920
Baigle Search	10	198.3	2.520203	2.539352	1448848031332284
Baigle Search	11	218.13	2.542587	2.557541	1448848031365654
Baigle Search	12	237.96	2.551941	2.560333	1448848031398925
Baigle Search	13	257.79	2.555481	2.583572	1448848031432279
Baigle Search	14	277.62	2.596176	2.593201	1448848031465569
Baigle Search	15	297.45	2.605652	2.600266	1448848031498911
Baigle Search	16	317.28	2.608597	2.615067	1448848031532278
Baigle Search	17	337.11	2.626602	2.612442	1448848031565532
Baigle Search	18	356.94	2.667252	2.625122	1448848031598905
Baigle Search	19	376.77	2.649323	2.62561	1448848031632274
Baigle Search	20	396.6	2.648651	2.63678	1448848031665560
下一个	21	416.43	2.6651	2.645325	1448848031698900
下一个	22	436.26	2.666245	2.658295	1448848031732271
下一个	23	456.09	2.671341	2.679581	1448848031765525
下一个	24	475.92	2.697098	2.688889	1448848031798898
下一个	25	495.75	2.69986	2.695724	1448848031832198
between	26	515.58	2.681641	2.715912	1448848031865528
between	27	535.41	2.678345	2.699905	1448848031898897
between	28	555.24	2.712921	2.708191	1448848031932167
between	29	575.07	2.710724	2.693542	1448848031965526
between	30	594.9	2.688599	2.676422	1448848031998893
between	31	614.73	2.71376	2.684311	1448848032032152
between	32	634.56	2.71286	2.675201	1448848032065519
between	33	654.39	2.710236	2.701309	1448848032098892
between	34	674.22	2.688538	2.679504	1448848032132166
between	35	694.05	2.704849	2.67926	1448848032165520
between	36	713.88	2.719238	2.65921	1448848032198774
between	37	733.71	2.695938	2.654404	1448848032232146
between	38	753.54	2.684052	2.670456	1448848032265515
between	39	773.37	2.666489	2.659546	1448848032298774
between	40	793.2	2.703247	2.691406	1448848032332146
查询	4	79.32	2.7155	2.702408	1448848032798762
查询	5	99.15	2.714859	2.713089	1448848032832027
查询	6	118.98	2.724899	2.709717	1448848032865392
查询	7	138.81	2.724564	2.707504	1448848032898762
查询	8	158.64	2.731644	2.712341	1448848032932017
查询	9	178.47	2.718033	2.718369	1448848032965388
查询	10	198.3	2.748154	2.724472	1448848032998758
查询	11	218.13	2.744736	2.716675	1448848033032014
查询	12	237.96	2.746124	2.729828	1448848033065386
probability	4	79.32	2.788071	2.758621	1448848033298638
probability	5	99.15	2.801239	2.740067	1448848033332012
probability	6	118.98	2.795273	2.743271	1448848033365379
probability	7	138.81	2.819397	2.748978	1448848033398637
probability	8	158.64	2.800781	2.755051	1448848033432011
probable,	4	79.32	2.772278	2.709274	1448848033632008
Baigle Search	5	99.15	2.753769	2.691971	1448848033665259
Baigle Search	6	118.98	2.73114	2.67128	1448848033698628
Baigle Search	7	138.81	2.732559	2.654388	1448848033731997
Baigle Search	8	158.64	2.710892	2.683594	1448848033765255
Baigle Search	4	79.32	2.708328	2.689133	1448848033965250
Baigle Search	5	99.15	2.718796	2.669846	1448848033998623
Baigle Search	6	118.98	2.698517	2.690918	1448848034031881
Baigle Search	7	138.81	2.739517	2.685486	1448848034065249
Baigle Search	8	158.64	2.717972	2.695755	1448848034098502
Baigle Search	9	178.47	2.738297	2.671066	1448848034131874
Baigle Search	10	198.3	2.701645	2.691422	1448848034165245
Baigle Search	11	218.13	2.715149	2.715408	1448848034198519
Baigle Search	12	237.96	2.71994	2.682739	1448848034231876
Baigle Search	13	257.79	2.727432	2.682297	1448848034265240
Baigle Search	4	79.32	2.620285	2.637665	1448848034665120
Baigle Search	5	99.15	2.632965	2.635971	1448848034698490
桌面	4	79.32	2.563766	2.603653	1448848034965114
桌面	5	99.15	2.563477	2.596664	1448848034998486
桌面	6	118.98	2.576248	2.601959	1448848035031745
refer	4	79.32	2.648834	2.637878	1448848035364991
refer	5	99.15	2.678192	2.66449	1448848035398362
refer	6	118.98	2.687805	2.657242	1448848035431732
refer	7	138.81	2.692337	2.661194	1448848035465008
refer	8	158.64	2.705048	2.648041	1448848035498361
refer	9	178.47	2.704346	2.670761	1448848035531734
Baigle Search	4	79.32	2.733337	2.651443	1448848035798353
real-valued	5	99.15	2.738174	2.529373	1448848035831619
real-valued	6	118.98	2.659378	2.671509	1448848035864982
Baigle Search	4	79.32	2.749039	2.620712	1448848036031610
Baigle Search	5	99.15	2.629562	2.642059	1448848036064976
Baigle Search	6	118.98	2.711609	2.611877	1448848036098232
Baigle Search	7	138.81	2.706329	2.62677	1448848036131606
and	4	79.32	2.613968	2.575775	1448848036531597
and	5	99.15	2.634521	2.593109	1448848036564849
Baigle Search	4	79.32	2.628998	2.586487	1448848036764845
Baigle Search	5	99.15	2.616669	2.572388	1448848036798217
Baigle Search	6	118.98	2.611237	2.570435	1448848036831487
Baigle Search	7	138.81	2.620865	2.557755	1448848036864842
Baigle Search	8	158.64	2.609543	2.572174	1448848036898128
Baigle Search	9	178.47	2.612442	2.576004	1448848036931477
Baigle Search	10	198.3	2.599915	2.541641	1448848036964840
Baigle Search	11	218.13	2.622208	2.562286	1448848036998117
Baigle Search	12	237.96	2.599182	2.573257	1448848037031472
Baigle Search	13	257.79	2.606186	2.585663	1448848037064837
Baigle Search	4	79.32	2.570496	2.55452	1448848037264747
Baigle Search	5	99.15	2.554718	2.553558	1448848037298095
Baigle Search	6	118.98	2.551727	2.551254	1448848037331458
Baigle Search	7	138.81	2.528702	2.554947	1448848037364746
Baigle Search	8	158.64	2.551132	2.542953	1448848037398088
Baigle Search	9	178.47	2.550629	2.547104	1448848037431450
Baigle Search	4	79.32	2.574799	2.578094	1448848037598073
结束	5	99.15	2.585342	2.589142	1448848037631342
结束	6	118.98	2.599518	2.587448	1448848037664708
结束	7	138.81	2.5811	2.600784	1448848037698085
结束	8	158.64	2.586075	2.608612	1448848037731342
结束	9	178.47	2.602814	2.592957	1448848037764711
结束	10	198.3	2.617249	2.617462	1448848037798080
结束	11	218.13	2.61499	2.593521	1448848037831347
结束	12	237.96	2.600983	2.608261	1448848037864709
结束	13	257.79	2.611649	2.594788	1448848037898079
结束	14	277.62	2.606476	2.612564	1448848037931337
	15	297.45	2.623718	2.617416	1448848037964707
	16	317.28	2.593094	2.603668	1448848037997963
	17	337.11	2.615494	2.607269	1448848038031323
	18	356.94	2.62326	2.595169	1448848038064706
	19	376.77	2.617264	2.613358	1448848038097960
	20	396.6	2.635544	2.603363	1448848038131331
	21	416.43	2.630325	2.610565	1448848038164699
	22	436.26	2.643707	2.606537	1448848038197953
	23	456.09	2.649246	2.603271	1448848038231327
	24	475.92	2.652634	2.627701	1448848038264584
	25	495.75	2.644241	2.635712	1448848038297957
	26	515.58	2.664841	2.621323	1448848038331325
	27	535.41	2.668762	2.627991	1448848038364581
	28	555.24	2.644241	2.632904	1448848038397951
	29	575.07	2.660904	2.619202	1448848038431322
	30	594.9	2.63736	2.632828	1448848038464592
localhost	4	79.32	2.606613	2.593781	1448848038664575
localhost	5	99.15	2.600739	2.600815	1448848038697945
localhost	6	118.98	2.590759	2.581573	1448848038731217
	4	79.32	2.661392	2.65863	1448848039541147
C:\Users\T430\Desktop\do\mongodb\BuildDocuemntDataSet.py (mongodb) - Sublime Text (UNREGISTERED)	4	79.32	2.641556	2.644928	1448848039874402
C:\Users\T430\Desktop\do\mongodb\BuildDocuemntDataSet.py (mongodb) - Sublime Text (UNREGISTERED)	5	99.15	2.666489	2.650406	1448848039907769
SDK - Basic Eyetracking Sample	4	79.32	2.735596	2.630798	1448848040107765
SDK - Basic Eyetracking Sample	5	99.15	2.747665	2.64006	1448848040141015
SDK - Basic Eyetracking Sample	6	118.98	2.683746	2.632111	1448848040174394
SDK - Basic Eyetracking Sample	7	138.81	2.713638	2.6483	1448848040207662
SDK - Basic Eyetracking Sample	8	158.64	2.722275	2.62001	1448848040241016
SDK - Basic Eyetracking Sample	9	178.47	2.699478	2.59697	1448848040274390
	4	79.32	2.645172	2.663208	1448848040507648
	5	99.15	2.610809	2.632889	1448848040541014
	6	118.98	2.668777	2.585541	1448848040574300
	7	138.81	2.641525	2.616394	1448848040607639
	8	158.64	2.579636	2.648453	1448848040641011
	9	178.47	2.593445	2.591156	1448848040674281
	10	198.3	2.629669	2.586609	1448848040707639
	11	218.13	2.592117	2.625961	1448848040740915
Eyetracker Status	4	79.32	2.631302	2.604919	1448848041140888
Eyetracker Status	5	99.15	2.648468	2.60527	1448848041174258
Eyetracker Status	6	118.98	2.662155	2.627731	1448848041207544
Eyetracker Status	7	138.81	2.646408	2.635818	1448848041240887
Eyetracker Status	8	158.64	2.656784	2.635437	1448848041274256
Eyetracker Status	9	178.47	2.670837	2.661087	1448848041307499
Eyetracker Status	10	198.3	2.677765	2.67453	1448848041340884
Eyetracker Status	11	218.13	2.667923	2.651108	1448848041374249
Eyetracker Status	12	237.96	2.700684	2.670807	1448848041407512
Eyetracker Status	13	257.79	2.677765	2.660339	1448848041440868
Eyetracker Status	14	277.62	2.678696	2.675369	1448848041474166
Stop Tracking	15	297.45	2.686295	2.662918	1448848041507507
	4	79.32	2.703354	2.674911	1448848041707503
	5	99.15	2.683884	2.662979	1448848041740770
	6	118.98	2.669327	2.641251	1448848041774131
	7	138.81	2.692352	2.647232	1448848041807499
	8	158.64	2.687073	2.64325	1448848041840787
	9	178.47	2.688324	2.646545	1448848041874129
	10	198.3	2.67099	2.665787	1448848041907491
	11	218.13	2.72171	2.67012	1448848041940751
	12	237.96	2.722672	2.686829	1448848041974120
	13	257.79	2.728699	2.678009	1448848042007410
